1ss ARKIV 1ὂ11 BOTANIK. BAND 3. ›xzo 5.

116 161186 611611. (1166616166 610 16686 0011 66116861 ova-la,
6161610111 1116(1616, 61666061 61661616, 6166 antid 1116(1616 66
61161161 161111 (1616. (1166616166 610 13668616 0011 besta 61
11161186 061161 (1616 bredvid (1616 011766 6176166616. De likna
Hieracium—glandlerna 1666 610 1115101161 166816 (jfr >›Organes»‚
fig. 185).1 Skaften, som 1166 66 1116616 bas 6161116166 6101
8161616111, 116616 61 11616 061116ᾶ61, 0011 (16166 061161 hysa synner-
118661 1 611611616 66(116 (161 611 6111111161, 617611 61666. Ρ6 613611166,
16661 1 661116166 61 1101116166, 1111666 866016611161186 1161 61 611
0611166. 2 De 66(116 06116166 610 110116 6166 (16 ὃ116 161611866
161186 0011 0116 (1616 6,]’611176 11161116, (1616 6161166 1 11161161 mot
hvarandra‚ 66 611 (16 16 66 111611 11111161 1116(1 (16 vinkelbbjda
116166 1106 Hypochaeris maculata (jfr »1011111ὂ166ᾶ116861>> ΙΙΙ,
118. 15 0011 16).

Bubus odoratus L. Α116 111060616666116 1761166161 116
81666161. 136666 116 66 611 166816, 66 611 11011616 611611, 6016
upptffl 61 61661616 0011 1166161 61 16116, men 66(11111 61 1116(1616
0011 1166161 61 11616 rader 16686, 1 6666166 117616 061161. Aldrig
61 (161 (10011 66 111661 1161, 611 (161 ej 86166 1166 vara en ὃ1ν61-
hudsbildning. Sjalfva 8166(1616 61 0111116661 61881111 61161·
1’1(1861 618 0611116161 1166 61161161, (161 (166 61 11116 1116(1 som
(16116, 1601 10111166, (161 (166 61 1161111188611. (1161616166 (5116,
afstympade 61616 61 dubbelt 0011 11161 66 (16116611 1116(1616 66
(1666 116ᾶ16 0011 66801 1116(1616, 66 hvad 61161161 61 6661111.
(1161616111 61 661616666611 61 66 6101 1116118(1 61116, 1116(16(16 061161
0011 61 1ὂ(1. En tjock, 66166166666866ᾶ6, 1166861 0011 oljig
massa 016861 1 6166611161 8166ᾶ6166 61661616 0011 611611616 &fre
(161. (16161111 med (16666 81666161 (16 116 R. Ηο1166161611 be-
111111186 81611(116166 1106 »1361116861 3, pag. 10 0011 11. 0111616111
116666 6111616, ,1616661616 0011 6110611186 1161 6166 1111611116166166
1111 06111616 1110111 vid hasen 61161 1116(1 66 611161 061111116661111111116
611 61110116 upp 1 116161.

Αηΐὶ)·ν]ι1“1ηιυῑ ‘majus L. Β6ᾶο8ὂ161666 1ὃ1 8166ᾶ16166 116
(16 1686161116 0186666 0011 1ὃ1 111060166166 116 111016111066116
616166 0011 brisim 61 1 »Ρ11611Ζ66116616»4. pag. 591 0011 592, 1111-
118, 1111611151 jag 1166 10111186 (16666. 1361611101 1166 (161 vara
611 0011 66661 611 666161116 116 11611161611616866 (1616166166 61
(16 frbmjfflssamlande 11101106161116 pr} insidan 61 1110116116 66(116

 

 

¹ J. B. MARTINET‚ ›Organes› (16 siu-retina des 1768616611, 1871.

² De 11611116 sig de bbljande 1161611.

³ Ο. UHLwoRM, ›Beitragffl zur Entwickelungsgeschichte der Trichome‚ 1873.
4 Α. Wmss, Die ›Pflanzenhaare»‚ Berlin, 1867.

