4 ARKIV F6R BOTANIK. BAND 3. ΝΞΟ 5. ”

(1166616166 81116 116 11011616 61161 166816 0611 p& bredare 61161
81661616 811611, 80111 116816 af 11616 1666116686 661161· 0611 116666
bli O‚11 mm. 161186 86611 O‚02 mm. breda. Skaftet 61 vid basen
66116866 11116 111661 som upptill 61161· 6166616, (16 661 6166 81668
61661861 1 136111166166. De 16016 1561166 6666 61166168 1666816166
8166 616666 hafva 66801 11616 81666161 611 156111166166. Μ66
11166618 81666161 610 81166616 0611 106816 af 16116 661161 med
57166181 1611611611 86161 1117116 116, 611 8Ρ668118616 811611. 168611-
816668 868 jag 66806 6111611166 111666 61611161 816116616.
Μ16616 10166 116 66 1616616 61666111666 81666161. Fig. 1 visar
66168 61866666 116 165761161 86666 knoppdelar 0611 66686168861
15761181, 611 66 610 6116616861 1166 571661161. ΕῘ6111166181666161
1666 11166 8116111168 116 60611 66801 af 6166186681 816 66616
661. Topparne af knoppbladen‚ 1 85766611161 om 66886 8116116
6166161 1361166, 116 66816 1161· 866666 8061 1361111661668.

Ε’ῑῗόεε ‘rubrum L. De bruna knoppfjallen 610 61”ν61 11616
8111 5716 11011661186. Η6166 116 66801 161130611666 1768861, 610
666611186 0611 6181116166 166886161 11101 8661866. Ν61 1361166
1108 (1611 8176116666 knoppen 16168 1861, 86 vi (16 1616 81116 116
81668616 811601, 1117111168 5716 6157616111 61 116118 af 111166666
1161. Men 66616 (161611 af 811601668 6166661 116 1666666, 16668-
6611186 816661611 116 811611, som 6186168 61 66816 1666116686
661161, 61161 610 11116 16116 611668 81666161. 16666161 knopp-
fjffllen sunnos 611 166816 811(101, 1 hvilkas topp bin-jan 1111 611
1111166 bladskifva visade 818. Dessa 866616 811601 11666 116
81116 11166661· 1161 0611 81666161, 6666 1 6116166661 166816 66
p& fjassslidan. Η6166 116666 bli 0ss mm. 16686 0611 voro 1611
1611617688186. (1166661811611- af O,4 1616.;8 16686 voro ej ovan-
1186. Β66 spada bladskifvan 11666 666681 1161, 80111 voro 66801
1661 11166ν688186 0611 11011616 66 66 866681 0111161666.

Rhamma& canuto-tica L. De 571116 knoppfjffllens 11166661
116 110116, 116566. 666611186, 11118Ρ618666 1666 fm- 611181 361116-
101666 0611 1611111866 1506111688186 1161. Η6166 116 66 1616
13611668 11166661 610 66801 166816 0611 11161 166657688186.
1168861061 116668 11661111 116 (168868 1166161 11161106161, 8061 610
6Ῑ1Ρ8ν61166 1 6116 666611 0611 11116 81666161 (Ι. A. a). 1666-
816166 11166 116 1 toppen 166617688186, 6116611186 1161. 131666
66886 116668 666611186, 816666111116 6116616861 af fig.:s 2 61-
866666. 81666016 610 66886 11161106161 breda 1 816 6116, af-
11166666 6666 0611 66 11116 16111186 81666161. 1166816 666 116

¹ Giandlerna 10166 ej 8616 denna art viisentligt gagn. Jfr III. A.

