14 ARKIV 1011 BOTANIK. BAND 3. Nzo 5.

glandler, som 0180103 af 4 01011111οᾶ0 001101 1 11013 10011 801-
0111181 10000011 000 017110 110 011 2-00111813 311011.

Narthecium ossifrayum (L.). De ulliga 310000131100801003
001, 3010 110000 011 Ο,6 1010. 10080, 0180103 01 00 1011 1000-
17088180 300113 110 57100 1101 000 300111 3111010110 001101. 1)οΠ
01101310, 50111001οᾶ0 001100 01 0111000011. Ofriga 001101 110000
0011 vara 50100010110 1000 010 01130 111001110110 p& 10111100, 001
110 010 11011010, 01101· 1 0110 001100, om 110 010 100810. Ι 00110
101100 001010 110 0170100010 10011 01011 011 11100 5710.

Epipactis Helleborine CR. Stjfflken 001 upp‘oill 00 101,
11101101 001110110οᾱ 1 3570001001 003 var. rubiginosa Cr. Denna
0131103 01 1110001001, 3010 010 3001100030110 01 4-5 001101 1
011 1011, 01711110 010 301110103 100057088180 000 105701101 0131100110.
Den &fversta cellen 01 010111 0110011011 1 001100 000 0111118
01011010 00 001100101 00100110 0011. ΑΠ1 1571101, 110 att 110 010
0011001571]ᾶο 0011 01110 10010300100101 101 110000 0111010108.
Det 1100 000110, 011 1018100108 0111131011 1 11100010013 0110
1101, 110118000ῐο 011 00800 110117010οᾶ0 0011 0117οΧ1 01 311100.
1310011001 0011 0011701 010 317081 31101170. Νο3100 01370150 01011-
11001003 5710011 001 pei 10111100 11131501Ρ13 13111 0113 101011800
15001117088181, 10111 0131000110 000 pai 57100 3111010111 11100010,
3011001 som fig. 37. Detta var O‚0726 1010. 10081 000 O‚066
11110. 010111 vid 00300. Νο1νο1003 tappar 010 11011010 000
310 0110 300111. -

Epipactis palustris (L.). Εο0111 1100 01 00801 8103010,
101· 318 0000110800 p& 3150111003 0110 1101 1 1101 0010 101 000-
101100111 080 11110 (1003010100 003 10110 01100. Ηο3 Ε. palus·
1113 00310 111000010100 01 3—4 0011011 00 rad, 3010 010 1115701101
100ον088180 0011 0011180 30101 311110 00 10011 00 110113, 10011011
000 8100110110110011 0011 (fig. 36), 00 01011 00 00801100810 0011,
3010 01 157111181 01011010 00 001100310 001110 (fig. 35), 00 10011
00 8003110 1008, som 0113 ej 01 01011010 00 001100310 001110
(fig. 34). 0011101113 30101103 110330 11100001013 &iversta cell
stundom 01 00801 8100110110101011, 000 103100 de 1 Floror 1101103
810011101, 15701101· 508 05, 0001 0110 110103 001101· 0111111 010 11110

100017088180 000 00 11110 10000011, 301111 110 00100 001130 111013 ·

0010 111100 10108000110 0113 1110001001, 011 1010 11010 till de
00150000 000 00110015711110. Det 357003 1101181, 011 003 00110
1101100 000 10110 011003 1110001001 00801 111100181 01000 1
10101110 1000811 110003 0111110313 1 1101 17011300, 1110001000110100
1000310130, 000 1110111015οΥ (10110 vid utsvettningen ej 0101313

