2 ARKIV 1οΒ 1101111111. BAND 3. 0εο 5.

viirdeffisa bland (101, 50111 011110 03 0110111113330115 01 11νο(1
sagda mina 0111001111111301 1000110110.

1715501113οΠ 01· (101 511011 pa 110011, 011 011 101151011ᾶ13
501010001011111113 01 (101, 50111 vi 11011110 0111 170111111011011101· 0011
01001300501, 010111010005, 1117011111 (101 (10011 1”01(1105 1115110
11101101. Spridda 1110(1(101011(1011 0111 (10111 11011110 (10011 03 011505
101 01100105 1701001050, ity 011 11101130 170111011οΥ 0101510 011
31005110 111οᾶ 0150011(10 pa 1110301701οηᾶο 1701111111011111301, 0011
11010 537111101111101· 11111105, 11011 hvilka (10550 1111(111111301· 11010
00137505, 11111011 111011 11011 5030 513 1101Ῡο 011 1103011113 11011110-
(10111 0111 (10111.

Βο10015101110 1 01101001101 03110 (10550 101111111011111301 1030,
031111110111501111101 0011 01150 (10111 1101νο mindre vasentlig be-
tydelse 101· 10111111101. 11111Ῡο1 11010 (10 170111011 1111, 50111 5011011-
01 011(101110150111131 1111011οᾶ 1 0110 5137011011. Det 101105 1103
111011 1111011 0011 10110550 101 (10111, 101 011 111011 1110 0111 (10111 10
011 1101110 1011110 01101· 1111110, 011 bland νοΧ1111011011101110 11170130
5011 1101 5111 50151111ᾶο 0013700150 101 1701110115 lif. Det 1i11a‚.
som 1111110 00100110111301 1111101101Ιο 11010111, 511011 303 (10110103
0110011010 011 110 meddela. '

Ι)055010111 511011 303, 50171ᾶο 1105 (10 1011101101. 50111 110ᾶο11
0011000105, 101011ᾶο11131101 1105 (10105 11101101001 10101101011101,
11030 skildra denna 11011 samma synpunk‘ter‚ 303 10101 5011-
(1011501111110 1 1>Β1ᾶ103ῑ>. En 11011 1·011οΡ1101011011 01 (10550 53711-
Ρ111111101 01 (101101 01 11οᾶ011. ’

Ι. Hos 011 0011 samma 10111011011111101 11011

Α) 011 1110110111 vara 011111 011 0111101 0) 01 01101031011 or*
5011, 11) 01 101101 01101· 30110111 (1011 1101011ᾶο 170110101οη5 0051101100-
]101. 0) 01 110111111οΙ1 01101 0111οᾶ011 011 10110101 01011 110110101
(101 1100011130 1110110111οΓ 011(Ιο 1110 vara utsirad 5050111 010110,
(101 (10 1101101105, 0011 (1) 01 0110110111 015011, 01101 0011 11011

Β) 011 0011 50111010 1110110111 10151 110 011 1105110110111101 0011
50(1011 011 01111011 101 011 vid (10 11οᾶ0 111110110110 3010 011110 1137110.

Π. 1101510101]ᾶο 11101100101 1105 2 01101 11010 exemplar
01 samma 011 11011110 vara 011110.

ΙΙΙ. Inom 011 5101110 11011110 vissa 01101 0011 1110111 011
grupp 01 510111011 01101 011 hel 10111113 11011110 vissa 51011100
1101170 111011011101, 50111 013010 modifikationer 01 11101101001110
1105 (10 011130

Α) 01 110111111οΙ1 015011 01101· 101 011 (10550 mer 01101· 1111101Υο
1110011101οᾶ0 11101100101 01011 011 3010 03011ᾱο 1011101101 1103011

