Ρ. «J. E. THEORIN, KANNEDOMEN OM VA'XTTRICHOMERNA. 29

Pa 11133919 1111319 9133, 1110111911311 och 11311191, 90111 3113 ej
kannas 1313 9113113, 11111139 13119, 110113 1131. 1110111 911 91191
3111131 13111131 111911110131131 310 (19 110113 1131911 113 (19993
91311911 33119113 (3191131131 krbk‘ca upp‘c-ill 0911 1 11191913 3113911
1311 1131111133 (fig. 10). Ν3313 110113 1131 310 0911 1131913399
knapp’t krbkta och 3113113339 1 3113911. Ρ3 (19993 ej 9113113
1311139131 11111139 9319399 111031111131101191 31111911110111131. 90111
1111 1ὃ1]’3 31 9111 1199113119111191 3119 ej 31133 1111 311 319113
911311191 men 31133 1 1111111139311 1111113 39 1131, 90111 3013 ’(1119
1113311311 91131 (jfr I. A. 9). De- 131133 1131911 310 11)*3333
90111 (19 110113, 1110111 3311 311 3911 2ε3 9911911 31 1,]’00111-33313,
931111 311 3911 ’01191913- 9911911, 90111 113191 1139111 (1119 11933939]
b'Orjar 31911131113, 33191191 11οΡ3139 1111 911 13113, mk, 111399
och (3119191 11911- 1333157113 911919 (fig. 9). Fezr (111131 31 (1911113
9911 ej 110911133313. Ε11 131131 1131· 11339 911 131133 3101111111.
0011 911 111933 11931111 31 0,(1-164 mm. Lz'inga 1131 11111139 11919.
91191 13119 113 3113 011311 111111131111339 1311139131 och 1111 91151913
11131133 p& 1111319 1113311311. 1719991113911 310 (19 131133 1131911
1113991 11119Ρ919339 111911 1111 31133. 113 3111113 31 9111 131133 0911
91113 ι]“31111·(”»19199119 11111113 133331 31111ϋ1 19113 101 311- 11311113
319113 911311191 och 13. 131 11193 9311911191 311999 101 1391131139
311911 113 (1119 1113311311. 8131130111 113 39993 1131 911 111111319
131133, 11119111193131 111911311 3911333 1111111139011-911139. Ι 9333111
1311 11311 111311 1133011 33113 1111113 39139 ’(3119 31139 1313 113301
39311313. Det 31 under 9333113 1ὂ1113113113911 1ὅ33 3,]’3111 311
3111333, (191 111911110111131911 310 1011111ὃ131131111331 31 39 131133
(Ι. A. 3) 91191 113110111. Β9113 33333133399 311 mer, 33131
311 110113 1131 1131139, 90111 uppt-ill knappt 310 113301
, kr‘okta 3119.

Pa (1119 1113311311 11111139 911 11131133 3131139111113 1111311111331.
89333 011311111311 91191 113111111311 310 39 1191131131 11193319
011311 311 1193311 (fig. 12). Sedda 11311 913311 310 39 11191 ι1311111-
111933 (fig. 13), 111911 (1911 119391913 1113113 39 011311 1311111311
119111111133 991191113 31 11011319 113 9113 913311 311 113 3911 311313,
93 311 111911011191 11011111191 311 913 1191131131 911931 11101 11133-
91ς111311. 0119191 1199131 3131139111 31 2 913091391139 991191.
Ν933111ὃ1 39993 1191111113 913 2 991191· 11930111 11131311313, 31 11111113
den ’01191913 kan 1313 1911111311 39133. Ana (19993 991191 31-
911131113 911131111130111 119331. Den 119391913 9911911 1193111191 913
1111 91ὃ1913 (191911 1113113 11113091191113. 6133391119 &fre och flesta
991191 113 911 grofkornigt 11111911311. En 31311391 (fig. 12) 131

