P. G. E. THEORIN, KA'NNEDOMEN OM VA‘XTTRICHOMERNA. 27

331 11101· 1113133113 31 0113 513311 1111 513111111110150 0111 30 5113113
1131011. 1131111131οῃ 113 11533 150011 1333 001] 11111131 11103 111110-
hall 531111 115153 51113, 55111333 0111101113105311111110101 513 51311.
De 513 513 011 111011 11Ρ1111ὂ5111113.

Ουι])]ιαῖο(105 Iitrz'f'olia (L). De 1111· &frig-1: 313113 111330115
3110115011] 1030111111311135 11311101 310 5113113, 53 50131333133.
Det. 31 0110011133, 1111111115115150333 1131, 11111113 11031111 310 111-
5111011113 1 01] 351113, som 3513311011111101 (10113. 8111113011] 101101·
113101 01101 511131333οΠ 11]03 511] 1113553 551015 13501101 11311131,
33 bulbus 111011 31 den 1111133330, 1111310 51331] 31 1131015
110310 301, 1111111011 1111111115 1135131] 11111513113131 01115111105 31
(15711311. 001153 31 bulbus 1131 11330 13101101 1311310 0011 1115011οῒ
1151111310 31] hos ffirra 311011. En Omphalodes-smfitagg 131
Ο,3 111111. 13113, 1113131 Ο,1 111111. 110130 11111111111115. 1)0111135,111033
131 0011 Ο,1 mm.² 111011 511311 331113111οω 131 511131333οΠ 111011
0,05 mm. bred. Η3101 131 1500111333131, 0011 (1055 0011111111
51111330 011 1113 bit 1131] 511015οΠ, 11101] 301 11330 31](13 11111011311.
Β31011]01 131 (1011 31 3511131] 01]]1311330 (101011 31113101 1311
1111111133313, 0011 (10 001101, 5011] 0111511510 11311111111115, 11330 31101]
1311 11111113 133331. 8111113011] 5131 113101 11101 13111 111, 33 (101
1311113011 31 1311310 0011 3055 1111111115 1111113Γο 51103. 1151511111 513
11ὂ11011135 111115133, 1113111ὃ533 113111 11111135 0110011133, 11351311
53]]113101033 1131, 50111, 0‚-2 111111. 131133, 113 1135011 ’310 01311 111-
1133330 0011 11101 55101501] 113301- 111151113 531111 3111111111330(1. Α.
3). De 113 1110301111311131 1500113 133331.

Gentiana campestris L. ¹ Pa 30 5113113 10111133511311101113
51113 51113, 113301101111330 503111111οΓ 11103 11111111111133 551015.
Ν35131] 1113150 1131110115 5110011 1131 11101 01101· 111111310 111-
’515311115 1111 5333113 55101531. 001153 513 50311111101113 1 11010

13301 0011 10113 311 11101 13111 111, 311 11101 511031 11311131. Ηο5 .

011 scabritie af 13111133 5101101101] (fig. 20) 131 11115301] 11311
55101501] til] 3101513οη30 00111333 0,(115 mm. och 11311 51101501]
1111 11111011 3, 31311501] 11101131] 3011 fria- delen och 1135301011,
0,(119 111111.. Βο11 1151515115111113 55101501] 31 1135131] 11011 133315113,
0011 hos 1135301011, 50111 113301 113331 513 11515131, 131 0011133301]
Ο,οο(; mm. 150011. F 13. 19 11531· 2 50311111101, 50333 (1113113131.
Man finner 30135 ι113 1311 51110133 11103 3511111131] 3110130131130
0011 11313110113 (·1111011131-1111ὃο1. 5153111111330115 11311101· 11330
13110 0011 5133310 50311111101.

 

¹ Hbrde till a 51100103 Murb.

