24 ARKIV 100 BOTANIK. BAND 3. 11εο 5.

ning 0011 11013 11013 00311111101 0011 113 00131310 113030103011
1001 11013 111 301, 0310300 03011003οᾶ0 001 fig. 2 1 »1110001001031-
Pa 0113 0011 11133 11111130 01111333 1131, 0001 110003 1111 Ο,33 mm.
1 11311118 111110108. De 310 vid 1030011 0111138330 10011 33101101
1311111800 0131111 0011313803 101 311 003311 3100131113 001301080111
1111 011 1308, 00131 011010. Η3100 113 1301118011 1100113 1738831,
0011 (10130 00111010 011111101 011 1111 (10) 1130 0110 30300. Invid
,011133Χο00 13010 310 033303 1131 13111113. 12110011 1111030 (10 1
1113083 113 00301013 011330 (1. villosum). Synnerligast (131·
111011 311100 1138011 8308 30001013300 1101103 30 vara 110113, af
⁴)‚1 0110.;0 13083 0011 10111310 (fig. 30). De 1131130 (13 11301 110101-
11113 00311111101 0011 1130111103 0111 033303 113 011301 1100 Ν31300
0111013 1111 0011 11103, 3311 311 (10130 0111138330 1130301 11113801·
00 0003 0131111108 bland 1103001101113 (;>1110110010103>>, fig. 5).
Hierocleloa odorata (L.) f. firma NYL. Bladkanten hyser
81001 01113030 0013138831, 00111 1111113 fig. 261 0100 113 0111
0110 1100101 03801 1113111013 0011 010 11ν3001 1111011010330 1113
301 10113030 13111 1130131. 8013138800 1131 0.(15 0101. 1 1730118
111110108 med O‚01 mm. 1308 111 del. Denna 31· 1388151113, men
101 011181 310 0011138831113 ej tjocka. Ofre sk‘armfjffllets

11311101 310 11003113 11103 ,1310001031 3101113103030 1131, 0010 ·

1100113 1111 Ο,5 0101. 13083 0011 113 1083 1,]’00113 038831. 193-
11311010 010133 110030 011113111111330 0013138831 (00333 ofvan i
118. 23). Dassa 310 1 31110301101 ej mer 311 Ο,1 0101. 13083 111011
0113 11011310 0011 113 1100113 138831. De 310 1)](111800 103000-
1330 0011 1111 0013138831· 1011130313ᾶο 1131 (Ι. Α. 3).

Caroeoe 00(Ζονὲ (EHRH.)¹ 8013138831 13080 1113311301οΠ 310
3111113330 1 fig. 26. De 8013 01331130100 1083 011311, 3010 (131*-
101 311 (10130 1113003 01101031 110113 03 01)]01101 1130131 (3) 0011
11883 03 1311 10113 1131013010, 113-01101 13131130 0103111 (al),
(1010 01003311 (10 310 1101111183 1 303011 (0), 0011 (1010 01110330 30
31130100 01νο11301130 31 1131013010, 00330101 17313030 00131388,
0300111 11 31 3. Den 000310 var (113 111111. 1 130118 1111111108.
801313883103 113 118811011οι1 113 31101301 11011310 1030301 0011
11101 1110130030 011010. Υ1110 13883103 310 hos 3113 0103138831·
111011 10030101311181 101110011330.

Carere punicea L. 8111313883103, som 01113 81001 113 hyls·
11133000 11311101, 111103 fig. 38 111011 113 130810 1130301, 0011 (10130
03801 11111101111330 1113 301, 0010 01801 11101 311 11311100 31 30130
0101130110108 1 11311118 1111111108, 101101 111γο1101 11101 0131. Deras

¹ Jfr III. A 3 schemat.

 

