* P. G. E. 1116011111, ΚᾸΝΝΕΒΟΜΕΝ OM VKXTTRICHOMERNA. 25

161136 1 17611113 111113111113 var ostast ()‚09 mm. 861616336116
661761 60111 016161161666 111160611616 5111316 1763361 voro 1116661-
1116111311 1100116.. Pa de 6361111136 10166666 11611161 116 61116-
1363361116, 60111 611611 1161· sitta glest, 11011616 0011 1510011616 111
(161. De 1111 111111616 0011 111111616 1 1161116116 116616 (161 0011
66111166 61166166 1161111616 6116611. Pa 661 1111111111 116116111136
111666136 1573311611Γ 11111166 0011 6616163361, 60111 60011 610 6111111
6ν63616, (1. 6.1ὂ166(166 11166 11011616 fri 661, 611 66 61611161111166.
Ρ6 straet 0011 1 6)]1111611161- 116 1116657101116 11111166 611 11161136
61116, 1111111111 61111116666 16111161.

Carex pilulifem L. Ofre delen af 611661 1161116 1161116166
611116111111666 6616163361, 1117111166 1116 661 61 116613611 1161611611
11166 1611117166. 811161633666 1166661 0011 6611 11611116616, 1166611-
1ὂ1 16161166 111160611611 11336 116111113611 11ϋ316 611 6611 111160611,
60111 01116111111 31611661 till 1166661611 af 6616163366. 111611 6611
66 1111116111111116 11666616116 11611116 61166 6161 (1611 1116 661611
fram, 1111 1 1611363611011161161111113’611 116301 0111161613 111611361.
Dessa 6616163361 1111116 till form 0011 61011611 66661111116 116
1116611611161116 1106 C. 111011136116 (jfr »Β16163;>, 1163. 175 0011 fig.
24). Ηο6 111111111616-61166136 6616163361· 17611361 60011 611616611
116301 1113613 61161 11611111161 613 1163013 110316 0111611, 11611135111611,
116111113611 O‚017 mm⁸⁷ hvarigenom tydlig Strzifhet 61” (16111 11611
6161166. 81116163361116 161136 11166116111611 610 1 1111111166611
11116 61316616. Μ611 11166616 6616163361 116 6611 1611316 1166661611
116613111 16316 0011 1111111111 11ὃ316, 66 att, (16 (1611 1111161136 1116
(161611 6161· 116111 11611 (1611116 11111 611 1111611361, 6111616336116
6116136 11011111161· att befinna 613 611 116316 0116110111 vaxtytan.
En 661 1116611611136116 61116163361 11613136 11111161 11161 11611161] 0011
116 11011616 1166661. P& ryggnerven finnas 11611161111113666 61116-
163361 61161· 60611111161 (fig. 25), som 610 0,οὸ mm. 1. 1 11611113
1111161113 0011 611316 11661611 61166166 ’061113 efter hvarandra 11166
111011 611 1113611 111160611 111611611 613. De 1111116 fig. 21 1 »13110110-
merua», men 1106 111111111616157331161116116 1111611161 113361 (1611
1166166 611616 61166166 111116 15133611 till 6611 11611116616, 1161110111
16161166. (16110111 (1611116 11116113111113 (66 fig. 25> 11111 11611611
1111611111] 61161, fast 6611 1161 66 11161136 6616163361· (jfr III. A).
Ρ6 bladytorna 11111166 60611111161· af 0,05 1111116 161136, 60111
1111116 (16 6611661] 1161111166. 86666 0117611111611, 116 66 det ut-
6661166, fig. 24 visar, 61161 66166 1116 (161 61 11011, 1110113 3s'8 af
1166661611. Fruktfiaskans 1161· 610 11666 16 0011 110116. Ν6316
1116116 (16 16113616. voro (‡)‚1 mm. De 610 161136163613 116361-

