26 ARKIV FOR BOTANIK. BAND 3· Nzo 5.

formade och 116 11161 1103 61616 Ἴς’“61331’01“(,1’006111113 11101 611616611
0011 66, (161Ἰ (16 ’6110 60116116,11661611 60611111161166 ut. En 1116113ᾶ
af 1166661116 571061161 116 11116111 1111 611161, 11111(16(16 611011101.

Auchus-a artensis L. De 6110611136. 111616611(16 11016161] 116
1116(1 0011 611616 610 111(116361 6636110111161ᾶ6 0011 61111116 1111
Lu, mm. 16111361. Deras 0116 611(16 61 11161 61161 111111(116 1111-
‘crubbad7 0011 (161616 0611111111 1111111101 6111 11111166 611 6011616
61161 1611316 6151066 11611 (1611661111116. 1301613616 116(116 finde
61· u‘cvidgad 1111 611 111111(116 1111111116, 60111 611161 116 0011 osta
omfa'ctas af 611 161316 (1511161. Bulbus var O‚126 mm. 1116(1, 0011
11016161 var 61161( (1611011611 Ο,οε1 111111. 1116(11. 0611163366 61
O‚01 111111. 11006 0011 1111166111161 611 31111, 315111131- 11111611611.
Κ1011111116113611 1161 6116(16, 6110611136 0011 111510661 11111115633136
661111 663611011116ᾶ6 11611, 60111 61(1113 1111 1611316 611 (1.1, 111111.
0011 ha 611 16131061 11111611611. Ὲο1 &frig-t 6111116116 61011-
1116111616 5110611 111(1163611 1111 60111666, 61111111116-(16 1611111611 af
110361 0,(136 1111116 16113(1.

111310301νὶ6 palustris L. De 'tilltryck‘ca 11611611, (16 11161 1111116-
1111116 613 111161 60111 116161 1161 16111611. blifva (161161, (161136110111 611
(1611 011611 1611151161] 116111111136 (161611 af 1161161, 60111 61111570661
6111616116 (fig. 45 11) 611 (1611 1116116111 1111(1061161116 1161631161 (161611
(fig. 45 6) af detsamma‚ vid 6111 11136113 11611 (1611 6611616 61
11660111 66611111 6116(11 61161-5111111611, 61161 11611616 11611116 sida 611
1161616(166 661 11150661 60116116 611 (1611 11101616611ζ16 60111 (1161116-
16111 till (1611 1110161 1606116116 011661116111611611 1 45 b. S&-
lunda 11111 116161, 1661611 (161 616111 61 16161, 1111115061 61161
113361 11661611 11616116111 1116(1 1661571611. Det 611611161661611611ᾶ6
116161 61 11150661 110061633131, 1 6111 0116 116(1]’6(16111611 1633-
fylldt 0011 116 5116111 1”0166(11 1116(1 16111166 01111011161611011101.
Det 61 1111 formem 111(116.361 6613611161 0011 11161661.

Nemofflcse'la 1115191115· BENTH. Stam 0011 1116(16611116 610 31661
61161116111361. Η61611, 60111 610 6110611136, 6110 111111510616, (161-
136110111 611 116111616611 61 61161(1131 11111111161161 uppsvfflld 61161
har 611(1661 (1611 11101 1661511611 5’611(161 (161611 utvidgad (fig. 21),
som 61611 116(1 bland 1111ᾶο61161116. Ι 1111111116 61 061111111111161 161111-
113611 61011, 111611 (1611 011136 (161611 af 1161161 11611 611 36111666.
6111611 66616111, 60111 (1006 61160661 613 1611131 111 11101 0116 611(1611.
116161, 60111 (161 61 11116661111, 11611· 1161 571611 610161 01111011161-
011611111116161. Β,161(166111611 (1611611101 61 11666111 1116(1 11611, 66(161161
60111 fig. 22. 1)66661 1161 6161 16161 111 101 611 10161016 1116(1511611
(I. A. 6) 0011 610 11660111 11611 6111633116 vid 11616611 111611 610

